[wpn_ak74_wpn_addon_scope]:wpn_ak74
hidden_bones = mag45, mag45_black, mag60, handler2, scope_cobra, scope_rakurs, scope_kashtan, scope_pka,  scope_nv_sniper, flash, light, laser, line, line2, foregrip_rail, knife, tilnik
hud = wpn_ak74_a1_pso_hud
scope_name              = wpn_addon_scope
scope_x              	= 39                 ; offset in inventory icon
scope_y                 = 5
[wpn_ak74_a1_pso_hud]:wpn_ak74_hud
aim_hud_offset_pos = 0.014,-0.0095,0.15
aim_hud_offset_rot = 0.000000,0.000000,0.000000
aim_hud_offset_pos_16x9 = 0.014,-0.0095,0.15
aim_hud_offset_rot_16x9 = 0.000000,0.000000,0.000000
gl_hud_offset_pos          = -0.0200,0.02000,-0.20000
gl_hud_offset_rot          = 0.000000,0.000000,0.0000
gl_hud_offset_pos_16x9     = -0.0200,0.02000,-0.20000
gl_hud_offset_rot_16x9     = 0.000000,0.000000,0.0000